15 2 0 13 0 8 0 12 0 0 0 0 16 0 3 0
16 10 0 0 0 0 0 1 0 6 5 0 0 0 0 12
12 3 0 0 0 11 7 0 0 16 9 1 0 2 8 6
6 5 0 11 0 0 0 0 0 0 10 0 1 0 13 0
4 0 0 0 14 7 0 2 0 0 0 0 0 0 0 15
0 15 0 14 8 3 1 11 0 0 0 0 0 7 16 2 
0 0 0 0 4 0 9 0 0 0 1 0 6 13 11 0
1 0 13 0 6 10 5 16 7 15 0 0 4 0 0 0
2 0 0 0 0 0 0 0 1 0 6 3 0 0 4 0 
9 0 15 1 2 0 0 0 8 0 0 4 0 0 0 0
0 11 0 0 12 0 8 0 0 0 7 14 13 0 0 16
0 0 0 0 3 1 16 0 2 9 0 10 7 0 0 0 
0 12 9 10 0 0 0 0 0 0 0 0 0 0 0 0 
14 0 0 15 0 0 0 0 9 13 0 0 8 16 7 1 
0 0 6 0 0 2 0 0 0 0 3 0 11 0 12 0
0 0 0 0 0 16 0 0 0 4 2 7 0 10 0 13
