0 0 10 0 0 0 0 13 0 6 16 0 0 0 1 0 
6 1 0 9 0 0 0 11 0 0 0 0 10 0 0 4
0 14 15 5 0 7 10 0 0 0 0 3 0 0 12 6
8 2 0 0 0 0 14 15 7 0 0 0 13 9 11 0
0 0 2 0 16 12 9 7 15 0 5 0 3 0 6 0
0 0 0 10 0 0 5 2 8 0 0 0 0 0 7 0
12 3 0 0 14 15 13 0 0 7 0 0 8 0 0 1
0 0 0 7 0 6 1 10 0 0 3 2 9 12 0 5
0 0 0 0 13 1 0 0 2 0 0 8 0 14 0 0
0 0 16 0 0 2 0 0 0 9 0 6 0 0 0 0
0 0 0 0 0 0 0 0 0 0 11 12 4 0 10 5 0
0 9 0 14 0 0 0 0 0 10 7 0 16 0 0 2
10 6 0 0 5 0 0 0 0 8 0 0 7 0 15 9
0 0 3 11 2 16 0 0 0 12 1 0 6 0 0 0
13 0 0 0 4 10 0 0 0 0 2 0 0 5 3 8
0 0 0 0 7 0 0 0 3 16 13 0 1 0 2 
