13 8 0 6 0 0 0 0 2 0 0 0 0 0 0 0
0 0 10 0 0 13 0 0 6 0 14 1 0 0 0 0
2 16 9 1 0 0 0 0 11 12 0 0 0 0 0 3
0 4 7 15 0 14 0 0 0 0 0 0 13 0 16 1
0 0 8 0 3 0 1 0 14 0 0 9 0 15 4 0
0 0 0 16 15 0 9 13 0 0 5 0 0 12 0 14
0 0 0 0 14 5 11 8 7 3 2 0 0 0 0 0
5 0 0 0 12 7 6 10 0 0 0 0 3 0 0 0
11 0 12 0 0 10 5 0 9 7 0 0 2 0 0 13
6 0 0 8 0 0 0 0 5 0 1 14 0 0 0 0
0 0 0 0 0 1 0 0 16 13 15 12 2 0 5 9 0
16 0 0 2 0 0 0 0 10 0 8 3 0 11 15 0
4 0 0 0 0 0 0 0 0 0 13 8 0 10 12 15
0 0 0 7 0 6 8 0 4 0 0 11 16 2 1 9
0 0 0 0 0 0 0 0 0 0 0 0 0 3 7 5
15 0 3 14 0 0 0 0 0 9 0 16 11 8 13 6
