0 3 1 0 0 0 6 13 0 12 16 0 15 0 0 0 
2 0 5 11 0 3 0 4 0 0 1 0 0 0 0 0 
4 0 0 15 9 0 16 0 10 5 0 0 0 0 11 0 
0 0 0 12 0 8 10 14 0 15 0 13 0 0 0 0 
0 0 0 0 13 0 11 0 0 10 5 0 0 0 0 8 
0 0 0 0 15 12 0 16 0 8 0 2 0 0 4 6 
0 0 0 0 7 0 5 0 0 0 0 11 0 16 0 13 
0 0 0 8 0 4 1 2 0 0 0 0 0 0 10 0 
5 6 0 0 0 7 0 0 3 0 15 12 16 0 0 2 
15 0 0 4 16 0 0 0 0 13 11 5 0 0 0 7 
10 0 0 0 0 0 0 5 14 16 0 9 0 0 0 3 
9 12 0 0 4 0 0 1 0 2 0 6 13 15 0 0
0 0 14 0 1 0 0 0 0 0 0 0 0 8 0 12 
13 0 9 0 0 0 8 15 4 1 12 0 0 10 14 16
8 15 0 0 0 0 0 0 16 11 0 10 0 4 6 1 
7 0 0 16 10 0 3 0 0 0 0 0 11 2 13 0 
