3  1  0  20  0  0  0  0  0  0  23  0  15  0  0  13  0  17  21  11  18  0  0  16  0
0  0  22  17  0  12  2  0  0  20  0  18  0  0  0  0  4  0  15  5  9  23  14  10  13
18  6  0  0  14  0  0  4  0  0  0  0  0  17  21  2  8  0  0  20  3  7  1  0  0
21  0  0  0  0  0  0  18  24  0  22  14  19  0  0  0  0  0  0  0  0  0  15  0  0
0  15  0  5  0  11  0  0  22  0  0  1  0  20  4  0  6  0  0  19  21  0  0  0  0
0  23  0  8  21  17  0  0  0  10  25  24  20  0  0  0  15  7  0  0  1  22  0  0  0
7  0  6  0  1  9  0  0  0  0  19  5  17  0  0  11  0  0  0  13  16  0  0  23  0
0  16  0  0  0  15  0  25  0  4  0  0  0  8  13  6  0  9  0  24  10  20  0  0  14
20  0  2  0  0  0  14  24  11  13  0  0  21  0  0  0  0  10  1  0  12  0  17  5  0
25  14  0  0  0  0  0  0  0  1  7  10  0  0  0  5  0  8  0  0  0  9  18  0  0
0  0  4  0  13  6  21  0  25  23  9  0  0  3  19  0  0  0  0  14  0  0  10  20  11
1  0  19  0  16  0  0  0  0  0  0  6  12  0  5  25  2  23  10  8  0  3  0  0  0
14  0  12  0  0  3  0  8  0  0  20  0  13  0  18  0  0  6  0  21  0  0  7  0  23
0  0  0  22  0  19  12  15  16  14  8  0  2  1  0  0  0  0  0  0  25  0  5  0  18
6  8  10  0  0  4  0  0  0  0  24  25  0  0  23  20  18  0  19  17  22  0  12  0  0
0  0  1  24  0  0  0  10  0  22  0  0  0  23  6  21  0  0  0  0  0  0  0  15  25
0  5  13  0  12  0  4  9  0  0  0  0  3  0  0  22  20  19  18  0  0  0  23  0  10
15  0  0  6  7  18  0  5  0  25  2  11  0  0  0  8  0  1  0  10  0  0  0  17  0
0  17  0  0  23  20  0  0  0  21  0  0  24  19  7  0  0  0  0  15  4  0  22  0  5
0  0  0  14  18  0  0  11  8  0  0  0  25  16  15  7  0  0  0  2  6  24  0  12  0
0  0  0  0  10  24  0  0  9  0  5  15  0  13  0  0  7  0  0  18  0  21  0  8  0
0  0  7  0  0  0  0  0  0  0  0  0  6  18  11  0  22  21  0  0  0  0  0  0  20
0  0  15  13  6  14  0  0  10  11  4  12  0  0  0  0  0  2  0  0  19  0  0  1  7
12  11  5  23  4  21  15  0  2  0  0  0  0  25  0  19  0  0  8  1  0  13  6  0  0
0  18  0  0  17  13  20  1  0  5  0  0  23  0  3  0  0  0  0  0  0  12  0  22  9
