0 1 0 16 13 0 0 7 0 14 0 0 0 0 0 0 
0 11 5 9 0 0 6 14 0 0 0 0 0 0 4 0 
0 0 12 7 0 3 0 0 10 0 0 4 0 0 0 0 
6 0 3 4 8 0 0 15 0 7 0 0 12 0 0 0 
0 0 13 0 14 10 3 4 16 0 0 0 11 6 0 0 
0 2 0 0 0 12 0 6 0 0 1 7 0 0 0 0
8 14 0 0 2 0 1 5 0 9 0 0 0 0 0 0 
1 0 0 15 16 11 0 0 0 12 13 0 0 3 0 2 
0 3 10 0 0 4 8 2 12 0 5 6 0 0 0 0
0 7 0 0 0 13 0 0 3 10 0 14 0 0 12 0 
5 0 2 11 0 0 0 0 0 0 7 13 0 0 1 0
0 0 0 0 0 0 0 0 9 11 2 1 0 0 0 0
0 0 0 0 11 0 12 0 0 0 3 10 1 0 14 7 
0 0 15 3 0 14 0 0 0 0 0 0 0 12 5 0
0 0 9 0 0 0 0 0 0 6 0 0 16 2 0 11
0 4 0 0 0 0 15 0 0 0 0 0 8 9 0 10
