0 0 5 0 0 0 9 7 13 0 2 4 0 15 0 0 
8 6 4 0 0 11 0 3 0 0 0 0 14 0 0 9 
0 15 0 0 0 0 0 0 0 0 0 0 0 0 8 0
0 13 12 14 0 10 0 0 0 1 0 6 11 0 0 4
0 0 0 0 16 8 2 0 0 0 0 0 7 0 0 13 
11 0 0 10 0 0 15 0 0 12 0 16 0 14 0 0
0 0 0 0 10 0 0 4 0 15 0 0 12 6 0 0
5 0 0 0 0 9 0 6 0 0 0 0 1 0 0 3
0 0 6 0 0 0 0 14 8 0 1 13 0 5 0 0 
0 0 9 0 0 0 0 1 0 0 16 0 0 0 4 0 
0 5 0 13 11 0 12 2 0 0 14 0 0 0 0 8
16 0 7 0 0 4 6 0 0 2 3 0 0 0 0 0
6 12 13 0 0 1 0 0 0 8 0 0 0 0 9 0 
0 0 0 0 0 0 0 8 5 0 0 0 4 11 14 0
1 2 0 0 0 0 0 0 0 0 0 10 0 8 7 5 
4 11 0 5 0 0 0 0 2 0 0 0 15 13 6 1 
