1 0 0 2 13 8 4 0 0 10 14 6 3 0 0 5
0 12 0 0 0 2 0 0 0 0 0 0 0 0 0 14
0 0 16 7 10 15 14 1 0 2 0 0 0 0 9 4
0 0 0 9 0 0 0 0 5 15 16 0 0 8 0 0
0 0 0 15 0 3 0 0 0 11 9 0 0 0 7 16
4 0 0 0 0 0 0 0 1 16 10 0 0 0 0 0
0 0 9 0 14 1 0 16 0 7 6 2 5 0 8 0
6 0 2 0 11 0 15 0 8 0 12 0 9 1 0 0
0 0 12 14 0 4 0 3 0 5 0 16 0 9 0 11
0 1 0 10 15 14 9 0 6 0 7 12 0 3 0 0
0 0 0 0 0 10 16 11 0 0 0 0 0 0 0 12
9 16 0 0 0 7 12 0 0 0 11 0 1 0 0 0
0 0 10 0 0 16 8 4 0 0 0 0 6 0 0 0
16 14 0 0 0 0 10 0 2 9 13 3 4 11 0 0
15 0 0 0 0 0 0 0 0 0 5 0 0 0 12 0
13 0 0 8 9 11 5 0 0 4 15 10 2 0 0 1
