0 12 0 0 8 0 0 2 0 0 7 0 15 0 0 9 
9 0 0 8 0 11 0 0 0 0 0 0 0 0 0 14 
7 0 0 15 0 0 0 0 0 0 0 0 0 5 11 0 
0 13 0 2 10 14 0 16 0 0 0 6 3 0 0 0 
0 0 0 0 3 16 7 10 0 15 0 0 0 0 0 12 
0 0 7 0 4 0 0 9 1 8 2 0 0 15 16 0 
0 0 0 0 2 0 0 0 0 0 0 0 0 13 0 0 
11 0 0 0 0 8 15 0 16 14 4 0 0 0 0 0 
0 15 8 12 0 0 0 0 0 0 6 0 0 0 0 0 
0 0 0 16 0 3 0 0 11 0 0 7 10 0 0 1
0 0 0 0 0 10 0 1 5 2 13 9 0 0 14 0 
0 1 0 0 11 2 0 0 0 12 3 0 0 8 7 0
0 0 0 10 0 0 6 7 14 0 0 0 5 12 0 0 
5 0 0 0 13 0 0 0 4 0 0 0 9 10 0 11 
0 6 9 0 0 0 0 0 0 5 11 0 0 14 13 0
0 14 2 1 16 0 0 0 3 0 10 0 0 7 0 0
