2  0  0  0  6  24 9  16 20 3  0  4  23 0  11 13 0  10 17 0  0  14 0  19 5
16 1  22 0  5  23 19 0  0  0  12 2  0  0  25 11 0  0  0  9  0  0  18 21 6
0  24 0  0  0  4  0  8  0  0  16 19 18 5  3  0  0  12 0  6  0  0  9  1  25
11 0  23 0  0  10 0  1  0  25 6  17 20 0  13 4  0  2  22 0  0  0  0  16 24
8  0  13 21 3  0  6  18 0  17 0  9  22 0  14 1  0  5  0  25 7  0  0  0  0
24 0  0  0  15 7  0  3  16 20 0  0  21 10 2  0  1  0  11 8  25 0  0  4  0
25 0  0  23 0  21 0  0  0  19 24 0  3  6  0  17 0  0  18 16 9  2  0  0  0
0  21 19 0  10 0  4  0  15 0  5  18 25 23 12 0  0  13 0  20 11 0  0  14 0
22 13 20 17 0  6  0  0  25 0  19 11 14 0  4  0  2  21 0  23 0  8  15 0  0
0  0  6  0  0  17 14 13 22 9  0  0  0  16 0  0  0  25 0  0  24 19 3  23 0
10 0  2  9  11 8  17 0  0  16 0  0  7  0  0  22 0  0  13 0  0  25 20 18 15
13 0  0  0  22 0  0  21 0  1  0  0  0  0  15 0  0  0  0  5  2  12 0  0  19
1  0  15 8  14 22 25 23 7  11 0  6  2  0  10 0  20 0  21 0  0  24 5  0  0
0  20 0  25 0  5  0  15 19 2  0  16 11 0  24 6  0  18 8  17 23 9  0  22 0
21 6  18 19 0  20 12 0  14 0  0  0  17 0  22 0  0  0  0  2  16 7  11 0  1
0  0  0  0  17 25 2  20 0  10 0  0  0  4  1  0  12 24 0  15 22 5  0  0  0
5  2  24 0  25 0  8  19 0  7  9  10 12 0  6  3  0  4  0  13 0  0  0  0  0
4  3  0  6  20 0  15 22 0  21 0  25 5  8  0  16 0  0  0  11 0  0  23 12 18
0  23 9  10 19 0  0  0  3  4  0  0  0  22 0  0  5  8  6  1  0  13 16 0  11
0  18 0  0  0  1  0  11 0  14 13 7  19 0  20 2  17 23 10 22 8  0  24 0  0
9  0  0  1  0  0  20 25 0  5  0  0  0  2  16 12 0  0  0  0  4  15 0  11 8
0  0  25 7  0  15 16 0  17 13 14 0  10 20 0  0  0  9  5  0  1  0  21 3  2
23 0  0  2  12 0  0  0  0  6  7  8  0  19 0  18 21 16 24 0  17 0  0  13 9
20 4  14 0  21 0  0  0  0  0  22 15 6  25 0  0  13 0  0  0  0  16 0  0  7
0  8  16 3  0  9  24 0  0  12 0  21 1  17 23 0  0  0  2  0  6  22 14 0  10
