8 0 0 5 0 0 0 0 9 3 4 0 0 0 2 0
0 7 0 15 0 3 0 0 0 11 0 0 10 0 0 0
0 6 4 0 0 12 0 11 16 0 0 0 0 0 0 0
16 9 11 14 0 0 6 0 0 0 0 0 0 0 8 0
0 3 0 0 0 2 0 0 0 0 16 0 0 0 6 11
5 1 9 13 11 16 3 8 7 2 0 0 12 0 0 0
10 0 16 0 0 4 1 0 0 12 0 0 0 0 0 0
0 0 14 0 7 0 0 12 1 0 10 0 0 13 0 0
7 0 0 9 10 13 0 3 5 16 1 2 6 0 0 4
1 0 15 8 0 5 12 16 10 0 0 0 0 3 0 0
13 0 0 0 14 0 0 0 3 9 7 0 0 0 0 0
0 0 0 0 0 0 2 0 0 8 15 6 0 1 0 0
0 0 2 11 0 9 0 0 0 0 0 0 0 4 14 0
12 0 0 0 0 0 14 0 4 0 0 15 5 0 16 10
0 0 0 0 5 6 15 0 0 0 0 0 9 2 12 1
0 4 0 10 0 0 0 13 2 0 0 1 7 6 15 8
