0 0 4 9 14 0 0 0 0 8 0 0 6 0 13 0
3 6 15 10 7 12 0 4 0 0 0 0 0 0 0 0
0 0 16 0 0 2 0 11 0 0 3 0 0 0 12 9
12 13 0 1 5 0 0 0 0 0 0 0 0 16 3 2
0 0 12 0 1 0 0 9 4 0 0 0 0 0 11 15
14 10 1 0 15 0 12 0 0 0 0 0 0 0 0 0
0 15 0 0 3 11 0 13 0 5 0 10 0 2 0 0
0 2 0 16 10 4 14 0 8 0 11 0 0 9 0 0
9 0 0 14 6 0 2 15 10 0 0 0 3 0 0 0
0 16 13 0 0 8 0 0 0 0 14 9 2 0 0 6
0 0 0 0 0 0 0 16 0 11 0 6 0 1 0 0
0 0 0 4 0 0 0 0 3 2 8 13 0 0 0 0
0 8 0 12 0 0 0 0 2 15 0 0 4 0 0 13
0 0 0 15 16 0 0 12 7 13 0 0 10 0 2 3
0 3 5 0 0 0 15 14 0 1 0 0 7 0 0 0
13 4 0 0 0 0 0 5 16 0 0 0 14 8 15 12
