8 15 4 12 0 0 0 0 0 16 0 0 0 5 0 0 
13 0 5 0 0 0 0 8 15 11 0 0 0 0 0 0 
9 0 0 0 0 0 0 0 4 0 0 0 7 0 0 0 
11 6 0 10 0 4 0 14 0 0 13 0 0 0 0 0 
7 0 0 2 0 6 12 10 16 0 0 0 4 0 0 0 
0 0 10 14 16 5 0 15 8 9 0 0 6 0 0 0 
16 8 0 0 2 0 14 4 0 0 1 0 15 0 9 0 
4 0 0 0 13 0 0 0 5 0 0 12 0 0 14 10 
15 0 0 0 0 0 5 13 2 0 14 0 12 0 0 0
2 0 7 0 8 11 0 16 13 5 0 0 0 0 0 6 
0 13 0 0 0 0 9 1 0 6 12 10 0 2 0 8 
6 1 0 3 14 0 0 0 0 7 15 8 0 0 0 0
0 9 0 0 0 0 0 12 0 0 5 0 0 0 7 2
0 0 1 0 0 0 8 7 0 0 0 15 3 14 0 11
0 0 16 0 0 0 0 0 6 0 0 0 0 4 10 1
0 4 11 0 0 0 2 6 0 1 10 9 0 12 5 0
